data = [1 1 1; 1 2 1; 2 1 1; 2 2 1; -1 1 2; -1 2 2; -2 1 2; -2 2 2];
input = data(:,1:2);
target = data(:,3);